Inference for Stan model: full_785981cbf6c68ac4d34f72b93488aa54.
4 chains, each with iter=5000; warmup=2500; thin=1; 
post-warmup draws per chain=2500, total post-warmup draws=10000.

          mean se_mean     sd   2.5%    25%    50%    75%  97.5%  n_eff   Rhat
mu       -0.54  8.2e-4   0.06  -0.65  -0.58  -0.54   -0.5  -0.43   4714    1.0
sigma     1.59  1.4e-3   0.05    1.5   1.56   1.59   1.62   1.69   1334    1.0
nMean     7.82  3.5e-3   0.39    7.1   7.55    7.8   8.07   8.62  12026    1.0
nDisp     0.43  1.8e-4   0.02   0.39   0.42   0.43   0.45   0.47  13052    1.0
recB[1]  -0.41  2.1e-4   0.02  -0.46  -0.43  -0.41   -0.4  -0.37   9153    1.0
recB[2]  -0.11  6.8e-4   0.04  -0.19  -0.14  -0.11  -0.08  -0.03   3522    1.0
recB[3]  -0.34  3.8e-4   0.03   -0.4  -0.36  -0.34  -0.31  -0.28   6243    1.0
recB[4]  -0.22  5.9e-4   0.04   -0.3  -0.25  -0.22   -0.2  -0.15   4218    1.0
recB[5]  -0.48  3.3e-4   0.03  -0.53  -0.49  -0.48  -0.46  -0.43   6164    1.0
recB[6]  -0.05  6.0e-4   0.03   -0.1  -0.07  -0.05  -0.03   0.01   2450    1.0
recB[7]  -0.04  7.4e-4   0.04  -0.11  -0.07  -0.04  -0.02   0.03   2339    1.0
recS[1]    0.1  1.5e-4   0.01   0.08   0.09    0.1   0.11   0.13   6799    1.0
recS[2]   0.77  7.0e-4   0.03   0.72   0.75   0.77   0.79   0.82   1528    1.0
recS[3]   0.42  3.7e-4   0.02   0.38    0.4   0.42   0.43   0.46   2823    1.0
recS[4]   0.68  6.0e-4   0.03   0.63   0.67   0.68    0.7   0.73   1785    1.0
recS[5]   0.34  3.1e-4   0.02   0.31   0.33   0.34   0.35   0.37   2891    1.0
recS[6]   0.79  6.7e-4   0.02   0.74   0.77   0.79    0.8   0.83   1060    1.0
recS[7]   0.96  8.3e-4   0.03   0.91   0.94   0.96   0.98   1.01    976    1.0
recV[1]    0.6  1.2e-4   0.01   0.58   0.59    0.6   0.61   0.63  12343    1.0
recV[2]   1.03  2.6e-4   0.03   0.98   1.01   1.03   1.04   1.08   9491    1.0
recV[3]   0.85  1.9e-4   0.02   0.81   0.84   0.85   0.86   0.89  10730    1.0
recV[4]    1.0  2.6e-4   0.02   0.96   0.99    1.0   1.02   1.05   9226    1.0
recV[5]    0.7  1.7e-4   0.02   0.66   0.68    0.7   0.71   0.73  10532    1.0
recV[6]   0.62  2.6e-4   0.02   0.58    0.6   0.62   0.63   0.65   5029    1.0
recV[7]   0.71  3.4e-4   0.02   0.67    0.7   0.71   0.73   0.76   4601    1.0

Samples were drawn using NUTS at Sat Aug 17 03:37:23 2019.
For each parameter, n_eff is a crude measure of effective sample size,
and Rhat is the potential scale reduction factor on split chains (at 
convergence, Rhat=1).